hisse;open;high;low;close;volume;previous close;close_2;close_3;close_5;close_10;high10;low10
AEFES;18.04;18.14;17.92;18.05;0;18.04000092;17.80999947;17.68000031;18.05999947;19.20000076;19.36000061;17.57999992
AGHOL;31.79999924;32.70000076;31.79999924;32.5;3070883;31.79999924;31.47999954;32.40000153;34;34.06000137;35.34000015;31.20000076
AKBNK;68.45;69.15;67.6;68.95;0;67.09999847;67.55000305;67;70.09999847;72.44999695;74.25;65.84999847
AKSA;10.77;10.89;10.74;10.78;0;10.75;10.47999954;10.25;10.43000031;10.75;11.11999989;10.18000031
AKSEN;74.95;75.35;74.5;75.15;0;74.19999695;72.34999847;72.90000153;71.59999847;67.19999695;75.84999847;65.80000305
ALARK;104.2;105;103.1;104.4;0;102.90000153;101.90000153;98.65000153;104;107.40000153;110.19999695;97.5
ALTNY;13.39;13.53;13.26;13.42;0;13.15999985;13.55000019;12.84000015;12.30000019;13.84000015;14.40999985;11.51000023
ANSGR;24.04;24.18;23.82;24.12;0;23.97999954;24.07999992;23.68000031;24.20000076;26.97999954;26.84000015;23.60000038
ARCLK;81.7;82;81.15;81.9;0;81.09999847;81;80.69999695;86.80000305;86.90000153;89.5;80
ASELS;382;384.25;377;380.5;0;362.75;370;336.5;367.25;378;386;334.25
ASTOR;223.3;225.1;216.2;217.9;0;220;209.6000061;190.6000061;235.19999695;261.75;271.25;172.1000061
BIMAS;416.25;417.5;413.25;414;0;414;408;418.5;426.5;433;443.25;405.25
BRSAN;710;714.5;703;709.5;0;703.5;670.5;625;649.5;659;714.5;619
BRYAT;1535;1546;1519;1531;0;1530;1486;1417;1450;1532;1590;1374
CANTE;1.08;1.11;1.07;1.1;0;1.05999994;1.10000002;1.01999998;1.02999997;1.11000001;1.22000003;0.92000002
CCOLA;79.6;79.85;79.15;79.4;0;79.15000153;77.84999847;77.44999695;77.19999695;80.09999847;80.69999695;75.75
CIMSA;42.14;42.36;41.86;42.26;0;41.79999924;41.24000168;41.68000031;42.88000107;41.72000122;43.84000015;40.93999863
CVKMD;12.92;13.09;12.87;13.03;0;12.85999966;12.65999985;12.10999966;12.81999969;13.30000019;14.53999996;12.03999996
CWENE;20.44;20.54;20.2;20.38;0;20.07999992;19.60000038;18.14999962;22.28000069;23.39999962;26.47999954;18.05999947
DOAS;143.5;144.4;142.8;143.3;0;142.30000305;145.19999695;144.19999695;151.30000305;154.5;160.5;141.5
DOHOL;19.11;19.23;19.01;19.13;0;18.93000031;18.85000038;18.37000084;19.69000053;19.84000015;20.84000015;18.37000084
ECILC;65.15;65.7;64.9;65.35;0;64.05000305;64.90000153;63.15000153;63.84999847;57.40000153;68.80000305;57.15000153
EKGYO;19.52;19.81;19.17;19.75;0;19.06999969;19.03000069;18.44000053;18.92000008;19.20000076;20.18000031;18.30999947
ENERY;13.7;13.75;13.64;13.74;0;13.64000034;13.52999973;13.22000027;12.69999981;11.84000015;13.85000038;12
ENJSA;110.7;111.4;110.4;111.2;0;110.5;108.69999695;105.40000153;107;109;111.69999695;105.09999847
ENKAI;84.65;85.25;84;84.9;0;84;82.65000153;82.44999695;85.40000153;86.30000305;89.34999847;81.84999847
EREGL;37.5;37.74;37.16;37.46;0;37.02000046;36.61999893;35.93999863;37.47999954;37.38000107;39.29999924;35.90000153
EUPWR;56.2;56.55;55.35;55.55;0;55.29999924;54.34999847;50.09999847;55.34999847;64.5;70.44999695;46.06000137
EUREN;2.95;2.96;2.91;2.95;0;2.9000001;2.92000008;2.75999999;2.88000011;3.13000011;3.24000001;2.72000003
FENER;2.44;2.45;2.41;2.44;0;2.4000001;2.41000009;2.32999992;2.30999994;2.57999992;2.58999991;2.26999998
FROTO;74.85;75.05;74.55;74.85;0;74.15000153;75.44999695;73.55000305;74.94999695;77.84999847;80.94999695;73.09999847
GARAN;128.4;129.7;126.7;129.5;0;125.90000153;126.19999695;122.90000153;129.3999939;133.1000061;135.8999939;122.5
GLRMK;145.2;146;143.4;144.6;0;143.19999695;142;132;141;140.3999939;151.19999695;131
GSRAY;0.82;0.83;0.81;0.82;0;0.81;0.82999998;0.79000002;0.81;0.91000003;0.92000002;0.77999997
GUBRF;421.5;424.75;419.5;421;0;419.75;414.75;411.25;442.25;443.5;461.75;400.25
HALKB;45.08;45.28;44.92;45.2;0;44.41999817;45.04000092;44.09999847;45.11999893;47.24000168;47.91999817;43.25999832
HEKTS;2.18;2.21;2.17;2.21;0;2.16000009;2.18000007;2.03999996;2.07999992;2.26999998;2.32999992;2.00999999
ISCTR;12.67;12.76;12.54;12.74;0;12.44999981;12.51000023;12.19999981;12.96000004;13.56000042;13.77999973;12.18000031
ISMEN;30.52;30.72;30.22;30.58;0;30.13999939;30.63999939;29.62000084;31.47999954;33.65999985;34.20000076;29.57999992
KCHOL;209.6;211.2;207.1;210.3;0;206.80000305;209.8999939;208.3999939;214;222.30000305;224.30000305;205.80000305
KRDMD;44.26;44.48;43.7;44.02;0;43.27999878;43;43.97999954;47.15999985;45.40000153;47.79999924;41.93999863
KUYAS;19.57;19.57;19.57;19.57;0;21.73999977;24.13999939;26.81999969;33.09999847;45.77999878;41.22000122;19.57
MAVI;37.8;38.16;37.5;37.92;0;37.5;37.5;36.93999863;37.31999969;37.40000153;39.5;36.72000122
MGROS;517.5;520;513.5;515.5;0;515;500;504.5;532;538;549.5;499
ODAS;6.16;6.19;6.1;6.16;0;6.07999992;6.03000021;5.92000008;6.61000013;6.61000013;7.17000008;5.5999999
OTKAR;347;352;340.75;343.25;0;340.25;309.5;281.5;298.5;302;352;275
OYAKC;21.14;21.26;21;21.18;0;20.92000008;20.71999931;20.20000076;20.63999939;20.36000061;21.57999992;20.04000092
PETKM;19.91;20.04;19.58;19.86;0;19.54999924;19.25;18.90999985;20.20000076;21.29999924;24.10000038;18.44000053
PGSUS;142.8;143.7;141.7;142.5;0;141.6000061;140.5;136.1000061;143.69999695;151.19999695;153.6000061;136
RALYH;62.3;62.3;62.3;62.3;0;69.19999695;76.84999847;85.34999847;105.30000305;178.19999695;160.3999939;62.3
SAHOL;88.05;89.05;87;88.3;0;86.69999695;86.09999847;84.80000305;86.90000153;90.55000305;92.40000153;84.09999847
SARKY;21.06;21.18;20.86;21.06;0;20.79999924;21.21999931;19.71999931;20.13999939;22.18000031;22.79999924;19.56999969
SASA;1.97;1.99;1.95;1.98;0;1.92999995;1.91999996;1.79999995;1.88;2.30999994;2.3599999;1.75
SISE;37.76;37.96;37.36;37.88;0;37.22000122;37.34000015;36.70000076;38.38000107;40.36000061;40.91999817;36.68000031
SOKM;57.45;57.65;57.2;57.4;0;57.15000153;55.59999847;54.09999847;57.04999924;58.59999847;59.95000076;53.5
TAVHL;267.5;269.5;266.75;269;0;266.25;262;261.25;267.75;279.25;284;257.5
TCELL;98.5;99.4;97.85;99.35;0;97.80000305;97.69999695;96.09999847;98.34999847;99.90000153;102;95.15000153
THYAO;293.25;294.5;292.25;292.5;0;292;286.5;283.25;287;293.5;302.75;282.5
TKFEN;251.5;254;249.3;251.25;0;248.1000061;252;231.3999939;264.75;239.30000305;282;214.6000061
TOASO;263.75;265.5;260.25;263.75;0;259.25;265.25;262;278.75;290;291.5;256.25
TRALT;44;44.32;43.6;43.72;0;43.84000015;43.41999817;44.70000076;46.65999985;51.15000153;52.40000153;42.84000015
TRENJ;96.2;96.8;95.35;95.5;0;96.34999847;92.40000153;95.84999847;97.69999695;105.5;115.5;91.19999695
TRMET;129.4;130;128.5;128.8;0;128.80000305;127.30000305;134.30000305;136.80000305;129.69999695;144.19999695;123.69999695
TSKB;9.97;10.06;9.91;10.05;0;9.86999989;9.81999969;9.64000034;10.03999996;10.85000038;11.03999996;9.61999989
TTKOM;53;53.25;52.3;53.1;0;52.45000076;52.45000076;51.54999924;53.54999924;53.40000153;55.25;51.25
TUKAS;1.98;1.99;1.94;1.99;0;1.94000006;1.94000006;1.94000006;2.19000006;2.01999998;2.45000005;1.80999994
TUPRS;380;383.5;377.5;378.75;0;377;387;376.25;398.25;414.75;424.25;366.5
ULKER;86.2;86.7;85.7;86.35;0;85.44999695;85.75;83.44999695;85.15000153;87.19999695;90.75;83.40000153
VAKBN;33.7;34.04;33.36;33.92;0;33.18000031;33.91999817;32.25999832;33.81999969;34.36000061;35.04000092;32.09999847
XU030;15459.97;15558.89;15350.06;15460.13;272417042;15205.4003906;15218.5;14842;15648.9003906;16391.4003906;16506.3007812;14806.5
YKBNK;35.78;36.12;35.16;36.1;0;34.93999863;34.81999969;34.04000092;35.52000046;36.58000183;37.41999817;33.59999847
