hisse;open;high;low;close;volume;previous close;close_2;close_3;close_5;close_10;high10;low10
AAPL;331.79000854;338.60998535;330.70001221;336.91000366;28914163;340.42001343;336.67001343;333.63000488;333.69000244;341.07000732;342.98999023;325.80999756
ABBV;271.52999878;277.6000061;270.38000488;276.32998657;2037063;272.42001343;271.35998535;266.69000244;262.82000732;264.33999634;277.6000061;257.86999512
ABT;98.41000366;100.35500336;98.19999695;99.54499817;4436797;98.48999786;98.73000336;98.16000366;97.5;101.29000092;101.76000214;95.05999756
ACN;208.58000183;208.5;204.10009766;207.53999329;2437631;208.36000061;196.63999939;193.3999939;198.8999939;176.11000061;227.63000488;172.11000061
ADI;410.30999756;411.33999634;399.86499023;404.92001343;1102416;405.92999268;410.07998657;420.54998779;417.1499939;393.6000061;422.67001343;388.13000488
ADP;271.1000061;273.01501465;270.10998535;271.79098511;538061;270.73001099;264;262.35998535;257.67999268;263.67001343;273.01501465;255.96000671
AMAT;518.37799072;519.71002197;504.79998779;508.57501221;1925947;509.57000732;520.65002441;530.27001953;540.03997803;485;547.25;471.38000488
AMD;625.53997803;626.5;608.90002441;609.54998779;10865759;620.67999268;645.85998535;649.41998291;633.90997314;630.63000488;658.52001953;596.07000732
AMZN;256.29998779;261.98001099;256;261.95001221;24390413;254.05999756;259.92001343;256.29000854;251.52000427;249.66999817;261.98001099;244.72999573
ANET;215.38000488;217.40989685;213.65060425;216.625;3057877;210.97000122;215.83000183;215.36000061;207.3500061;206.55000305;217.40989685;200.77099609
APH;86.58000183;87.54499817;86.06500244;86.98000336;5964610;85.31999969;87.55000305;88.62000275;86.95999908;84.08999634;89.93000031;82.51999664
ARM;280;281.49990845;265.67001343;267.02099609;3394197;275.29000854;294.36999512;302.55999756;307.48999023;310.32000732;318.36199951;265.67001343
ASML;1816.93005371;1825.56494141;1778.56994629;1783.84997559;950966;1769.79003906;1804.95996094;1834.09997559;1867.31005859;1743.93994141;1873.5;1735.5
AVGO;365.58999634;366.63000488;361.45999146;362.67999268;12391540;360.14001465;376.51000977;375.80999756;355.14001465;352.80999756;380.83999634;343.29000854
AXP;303.82000732;308.32998657;302.42999268;308.02999878;1726491;308.1000061;304.25;304.54998779;302.77999878;308.89001465;308.88000488;297.20001221
BA;187.98500061;191.02000427;187.61999512;190.28999329;3852388;187.75;188.32000732;189.82000732;193.55999756;198.07000732;196.92999268;184.00999451
BAC;53.40999985;54.38000107;53.40999985;54.34500122;18180402;53.61000061;53.52000046;54.09000015;53.75;56.70000076;56.66999817;52.24000168
BKNG;160.08200073;160.83999634;158.88000488;160.46000671;2661566;159.97000122;155.86999512;157.63000488;159.02000427;163.94999695;166.19000244;154.05999756
BMY;58.88000107;59.79000092;58.83000183;59.08499908;5756484;59.58000183;59.70000076;59.59000015;61.15000153;62.86000061;64.12999725;58.33000183
C;128.08999634;129.82499695;127.69999695;129.72000122;4345285;128.08000183;127.31999969;128.52000427;128.5;134.27999878;133.96000671;123.56999969
CAT;796.2199707;804.30999756;791.19000244;802.78997803;1022533;796.17999268;813.83001709;863.44000244;845.41998291;821.58001709;876.95001221;788.89001465
CMCSA;20.88999939;21.03000069;20.47999954;20.66500092;20496809;21.20999908;20.94000053;21.55999947;21.56999969;21.90999985;22;20.47999954
COP;133.8500061;135.56100464;132.94470215;134.56500244;2751298;134.19000244;129.83999634;129.3500061;126.75;127.30000305;135.56100464;123.45999908
COST;945;951.28997803;942.5300293;946.25;917712;947.91998291;942.25;935.67999268;920.65002441;922.77001953;953.25;903.7800293
CRM;229.6000061;230.71000671;226.66000366;229.47999573;2981759;227.80000305;224.55999756;224.99000549;234.69000244;234.02000427;239.44999695;220.28999329
CSCO;116.76999664;118.45500183;115.36000061;118.29000092;6517845;114.88999939;117.38999939;117.94000244;112.19999695;106.69999695;118.45500183;105.98000336
CVS;85.90000153;88.86000061;85.80000305;87.16999817;7509800;87.80000305;87.94999695;86.43000031;86.45999908;89.12999725;90.01999664;84.23000336
CVX;211.05000305;213.72000122;210.71000671;211.66000366;3914165;211.55000305;205.1499939;207.58000183;206.69000244;204.44999695;213.72000122;201.96000671
DE;651.86999512;658;623.40997314;625.30499268;1297622;652.58001709;656.86999512;682.78997803;687;690.46002197;692.83001709;623.40997314
DHR;216.91000366;220.86000061;217.02999878;219.99000549;2215748;217.46000671;218.49000549;215.61000061;214.05999756;224.49000549;228.38000488;211.17999268
DIS;107.22000122;108.24500275;107.17099762;108.15499878;4567676;107.01999664;104.75;104.02999878;102.19000244;106.15000153;108.24500275;101.15000153
F;12.27999973;12.32999992;12.14000034;12.19499969;17647390;12.25;12.11999989;12.27999973;12.10000038;12.71000004;12.67000008;11.90999985
GE;306.29000854;308.3999939;303.6499939;307.92248535;1834589;305.61999512;303.61999512;309.39001465;309.55999756;327.08999634;324.07998657;296.60998535
GM;82.41000366;82.73999786;81.73000336;82.59999847;4696082;82.25;80.98999786;82.01000214;78.26999664;82.62999725;82.73999786;76.44000244
GOOGL;351.45001221;354.70001221;350.30999756;351.20510864;11799098;348.29000854;350.5;347.67999268;343.5;343.92001343;356.82998657;335.51000977
GS;887.67999268;899.66998291;878.98498535;897.64001465;1269131;882.59002686;887.21002197;897.17999268;902.55999756;935.45001221;932;868.52001953
HAL;32.65999985;32.79000092;32.41500092;32.60499954;3097493;32.56999969;31.75;32.72000122;31.85000038;32.75999832;33.11000061;31.26000023
HD;294.98999023;295.23001099;290.32971191;291.88500977;3157451;295.47000122;285.76998901;286.69000244;282.8500061;293.20001221;295.73999023;277.1499939
HON;206.6000061;209.02999878;205.90449524;207.97000122;902456;206.6000061;208.11000061;212.86999512;213.99000549;212.55000305;216.13000488;204.22999573
IBM;225.86999512;228.75999451;224.0500946;226.2250061;2061174;226.61000061;220.50999451;221.28999329;222.63999939;225.50999451;234.27000427;217.80000305
INTC;108.37999725;108.37999725;104.90000153;105.19999695;57477201;107.08000183;113.12000275;112.5;119.33000183;123;126;104.90000153
ISRG;416.39001465;427.52999878;415.85501099;424.3380127;1175978;415.41000366;414.51998901;404.76000977;391.95001221;405.17999268;427.52999878;389.10998535
JNJ;255.08999634;261.39001465;254.98500061;260.20498657;3273658;256.48001099;258.45001221;254.77999878;256.02999878;271.22000122;273.77999878;251.16999817
JPM;331.20001221;333.54000854;330.6000061;333.29000854;3129910;331.42001343;329.57998657;331.27999878;332.38000488;343.05999756;342;325.07000732
KLAC;199.11999512;201.71000671;195.11000061;196.13000488;3014414;196.72000122;196.83000183;197.46000671;206.88999939;187.91999817;208.67999268;182.69999695
KMI;32.25;32.59999847;32.18999863;32.53499985;5348412;32.25;31.81999969;32.15999985;31.06999969;30.75;32.59999847;29.43000031
KO;87.59999847;88.47000122;87.44000244;88.22499847;5869406;87.76999664;85.81999969;86.16999817;85.65000153;87.80999756;88.47000122;85.12999725
LIN;479.04998779;485.82998657;479;483.82998657;986021;481.70001221;483.98001099;489.95001221;479.48001099;469.89001465;492.1000061;462.36999512
LLY;1153.56005859;1179.81994629;1152;1176.19494629;912513;1169.59997559;1188.7199707;1157.48999023;1142.84997559;1183.45996094;1215;1131.20996094
LMT;505;511.22000122;502.6499939;509.01998901;515791;507.89001465;499.22000122;510.11999512;505.41000366;519.55999756;524.27001953;497
LOW;188.50999451;189;184.36000061;186.05999756;1547114;188.8500061;181.53999329;183.66999817;180.80000305;189.27999878;189.71000671;178.44999695
LRCX;325.57000732;326.72000122;316.02999878;319.42999268;2949469;320.58999634;329.51000977;333.89001465;347.48999023;315.20999146;352.55999756;305.5
MA;574.10998535;588.90997314;574;588.72998047;1523025;574.76000977;570.05999756;566.58001709;552.26000977;567.65002441;588.90997314;545.40997314
MCD;235.97000122;237.5;234.13999939;235.44250488;3848866;236.8999939;230.88000488;232.44999695;231.88999939;236.5;237.5;229.19999695
MDT;88.48999786;89.80500031;87.41000366;88.47000122;20282360;87.75;85.51000214;87.08999634;86.37999725;88.63999939;89.80500031;85.22000122
META;726.41998291;728.07000732;716.21002197;719.86999512;9924446;720.89001465;721.30999756;738.88000488;728.08001709;751.65997314;750.58001709;711.67999268
MP;46.74499893;46.74499893;45.41500092;46.125;3143343;46.13999939;46.31000137;48.52999878;46.97000122;48.83000183;48.66500092;44.49000168
MRK;141.36999512;146.67999268;141.38499451;146.16000366;5225134;142.38000488;142.78999329;141.94000244;144.30000305;148.77999878;150.36000061;138.80000305
MRVL;279.26000977;283.77990723;267.70251465;274.67001343;12717364;274.66000366;284.67999268;287.01000977;272.29000854;261.94000244;301.26998901;248.13999939
MS;187.75999451;190.43499756;187.05000305;190.1000061;2773818;187.44000244;189.71000671;191.02000427;190.30999756;196.30999756;195.92999268;182.47000122
MSFT;528.23498535;537.2199707;526.2401123;535.60998535;12394523;522.60998535;529.76000977;529.29998779;517.5300293;516.16998291;537.2199707;502.22000122
MU;1052.51000977;1053.57995605;1017;1028.00146484;16255272;1035.83996582;1088;1045.56005859;1074.89001465;1082.2800293;1108;1011.41998291
NEE;76.93000031;77.57499695;76.87000275;77.36499786;4039202;77.37000275;77.05999756;77.87999725;76.83000183;76.08000183;78.16000366;74.41000366
NEM;117.58000183;119.04000092;117.10500336;117.76000214;3184593;115.55000305;113.54000092;116.38999939;115.55999756;121.43000031;119.04000092;111.75
NFLX;70.59999847;72.09960175;70.31500244;70.3615036;19169588;71.56999969;69.69999695;68.69000244;67.05999756;71.15000153;72.09960175;66.54000092
NKE;34.58000183;35.09000015;34.09999847;34.73500061;20414132;34.74000168;34.36000061;34.61000061;33.86999893;35.75;36.66999817;31.96999931
NOW;141.25999451;142.46650696;139.42999268;140.86999512;4173085;139.75;137.86999512;137.97000122;134.38000488;135.61999512;142.50999451;126.75
NVDA;233.875;233.88999939;229.11000061;229.78999329;63994454;230.47999573;237.47000122;239.24000549;233.94999695;225.07000732;243.36999512;227.02999878
NXPI;232.53999329;233.66990662;224.66000366;227.36000061;1384046;231.07000732;235.22000122;244.38000488;243.66000366;238.08000183;248.86000061;224.16999817
ORCL;136.69999695;142.8999939;136.5;142.03999329;19863779;135.69000244;143.55999756;144.77000427;142.30000305;137.1000061;146.94000244;131.58000183
OXY;59.90999985;60.93000031;59.78499985;60.23500061;4935976;60.27999878;58.20999908;58.33000183;58.08000183;56.86000061;60.93000031;54.75999832
PEP;126.84999847;127.09690094;125.29000092;126.12999725;7159918;128.33999634;123.73000336;125.70999908;125.88999939;128.63000488;129.97999573;123.47000122
PFE;27.61000061;28.23999977;27.59000015;28.18499947;15941388;27.81999969;28;27.5;27.79999924;28.67000008;28.95000076;27.12000084
PLTR;201.05999756;207.8500061;198.30000305;207.47999573;27424077;198.77999878;194.11999512;192.07000732;188.75;189.66999817;207.8500061;184.80999756
PM;199.30999756;201.16999817;198.8500061;199.875;1869417;200.5;192.69000244;190.3999939;187.46000671;190.47999573;202.69999695;184.11000061
QCOM;176.3999939;176.3999939;171.78999329;175.55000305;5024374;176.00999451;177.11999512;181.02999878;184.86999512;201.97000122;199.16000366;171.02000427
RTX;185.19999695;186.46000671;183.02999878;185.61000061;2250962;184.32000732;180.25999451;183.28999329;184.67999268;189.3999939;189.58999634;179.02000427
SCHW;97.48000336;97.43000031;96.37000275;97.02999878;4005985;96.87000275;95.58000183;96.80000305;96.69999695;99.02999878;99.12999725;94.69999695
SLB;49.08000183;49.44800186;48.63499832;48.96500015;5322215;48.97999954;47.95999908;50;48.74000168;51.54000092;52.29000092;47.65000153
SMCI;43.36999893;43.45000076;40.63000107;41.75500107;22941007;42.77000046;44.93999863;43.45999908;43.68999863;43.25999832;45.77000046;40.13000107
SPGI;404;408.27999878;402.94000244;407.82998657;722778;402.73001099;395.17999268;396.13000488;386.26998901;403.29998779;408.27999878;382.20999146
SYK;277.01000977;281.57998657;276.52999878;277.28500366;947857;276.97000122;275.3999939;278.20001221;275.42999268;272.35998535;286.08999634;271.1000061
T;22.37999916;23.10000038;21.95999908;22.11499977;123858220;24.87000084;24.46999931;24.43000031;24.29999924;25.37999916;25.39999962;21.95999908
TJX;138.42999268;139.46000671;137.16000366;139.11999512;2782651;138.75;138.80000305;137.02999878;132.67999268;130.05999756;139.61999512;129
TSLA;382.38000488;388.55999756;379.70999146;384.1499939;33661997;375;377.80999756;380.67999268;370.58999634;372.10998535;388.55999756;345.88000488
TSM;464.20999146;464.82998657;449.75;451.82501221;7376913;457.98999023;472.20001221;482.29998779;472.77999878;450.60998535;487.47000122;443.10998535
TXN;290.58999634;291.20498657;281.66000366;284.23999023;2498818;288.20001221;288.98001099;297.23001099;293.79998779;278.07000732;298.75;273.8999939
UBER;70.23999786;72.08000183;70.23999786;71.33999634;12574179;70.23999786;68.44999695;69.08000183;68.11000061;69.62000275;72.08000183;67.22000122
UNH;373.94000244;387.48999023;373.01998901;381.61999512;5210575;370.95001221;375.98001099;376.32000732;371.8999939;376.58999634;387.48999023;362.6000061
UNP;278.10998535;279.02999878;276.66000366;278.92001343;725301;278.20001221;274.67999268;276.60998535;278.27999878;273.79000854;279.02999878;268.67999268
V;375.79000854;385.42001343;375.69000244;385.03500366;3779547;375.1000061;372.1000061;370.64001465;360.66000366;367.38000488;385.42001343;356.75
VRT;246.47000122;248.49000549;239.89179993;243.44999695;2643756;243.72999573;246.49000549;253.13999939;252.17999268;253.27999878;258.1000061;238.30000305
VZ;42.83000183;43.38999939;40.81000137;41.74499893;78171116;46.34999847;45.77000046;45.97999954;45.91999817;47.08000183;47.09999847;40.81000137
WFC;81.94999695;84.05500031;81.62000275;83.98999786;12762915;82.02999878;80.26000214;81.51000214;80.44999695;82.97000122;84.05500031;78
WMT;110.05500031;111.51000214;109.93070221;111.04000092;7881950;110.55999756;108.16000366;107.19999695;104.26000214;107.98000336;111.51000214;103.38999939
XOM;167.86999512;170.27000427;167.82000732;168.80999756;5459013;168.5;164.05000305;164.47999573;164.00999451;160.58999634;170.27000427;159.27000427
^NDX;30900.0644531;30946.7382812;30770.0546875;30890.8945312;721684915;30725.8105469;31160.0800781;31224.4707031;30807.9296875;30608.1308594;31361.3691406;30081.0605469
